# parS J Jp Alpha Jd step  S2 Mu minGap kx/pi ky/pi  JR E(R) K(R)
1.000000 1.000000 0.000000 0.000000 6.097745 0  0.817263 -14.815220 0.000000 1.000000 1.000000  0.093750 0.479046 0.642779
1.000000 1.000000 0.020000 0.020000 5.985217 0  0.815275 -14.594521 0.000000 1.000000 1.000000  0.094697 0.478744 0.644406
1.000000 1.000000 0.040000 0.040000 5.870308 0  0.813148 -14.370411 0.000000 1.000000 1.000000  0.095663 0.478426 0.646142
1.000000 1.000000 0.060000 0.060000 5.752831 0  0.810869 -14.142618 0.000000 1.000000 1.000000  0.096649 0.478090 0.647997
1.000000 1.000000 0.080000 0.080000 5.632578 0  0.808424 -13.910835 0.000000 1.000000 1.000000  0.097656 0.477736 0.649981
1.000000 1.000000 0.100000 0.100000 5.509310 0  0.805796 -13.674713 0.000000 1.000000 1.000000  0.098684 0.477363 0.652106
1.000000 1.000000 0.120000 0.120000 5.382755 0  0.802969 -13.433854 0.000000 1.000000 1.000000  0.099734 0.476969 0.654385
1.000000 1.000000 0.140000 0.140000 5.252602 0  0.799919 -13.187798 0.000000 1.000000 1.000000  0.100806 0.476553 0.656835
1.000000 1.000000 0.160000 0.160000 5.118489 0  0.796623 -12.936016 0.000000 1.000000 1.000000  0.101902 0.476113 0.659472
1.000000 1.000000 0.180000 0.180000 4.979997 0  0.793052 -12.677889 0.000000 1.000000 1.000000  0.103022 0.475648 0.662317
1.000000 1.000000 0.200000 0.200000 4.836632 0  0.789172 -12.412688 0.000000 1.000000 1.000000  0.104167 0.475157 0.665395
1.000000 1.000000 0.220000 0.220000 -21.857475 0  -0.613157 27.678376 0.000000 1.000000 1.000000  0.105337 0.474637 1.600801
1.000000 1.000000 0.240000 0.240000 4.532826 0  0.780321 -11.857437 0.000000 1.000000 1.000000  0.106534 0.474086 0.672366
1.000000 1.000000 0.260000 0.260000 4.370832 0  0.775243 -11.565090 0.000000 1.000000 1.000000  0.107759 0.473503 0.676335
1.000000 1.000000 0.280000 0.280000 4.200779 0  0.769641 -11.260955 0.000000 1.000000 1.000000  0.109012 0.472884 0.680689
1.000000 1.000000 0.300000 0.300000 4.021357 0  0.763426 -10.943087 0.000000 1.000000 1.000000  0.110294 0.472227 0.685489
1.000000 1.000000 0.320000 0.320000 3.830892 0  0.756486 -10.609003 0.000000 1.000000 1.000000  0.111607 0.471528 0.690815
1.000000 1.000000 0.340000 0.340000 3.627201 0  0.748673 -10.255451 0.000000 1.000000 1.000000  0.112952 0.470784 0.696767
1.000000 1.000000 0.360000 0.360000 3.407344 0  0.739792 -9.878058 0.000000 1.000000 1.000000  0.114329 0.469992 0.703480
1.000000 1.000000 0.380000 0.380000 3.167226 0  0.729570 -9.470714 0.000000 1.000000 1.000000  0.115741 0.469146 0.711141
1.000000 1.000000 0.400000 0.400000 2.900855 0  0.717612 -9.024476 0.000000 1.000000 1.000000  0.117188 0.468240 0.720019
1.000000 1.000000 0.420000 0.420000 2.598887 0  0.703303 -8.525383 0.000000 1.000000 1.000000  0.118671 0.467269 0.730529
1.000000 1.000000 0.440000 0.440000 2.245328 0  0.685599 -7.949512 0.000000 1.000000 1.000000  0.120192 0.466224 0.743376
1.000000 1.000000 0.460000 0.460000 1.808442 0  0.662448 -7.249345 0.000000 1.000000 1.000000  0.121753 0.465096 0.759939
1.000000 1.000000 0.480000 0.480000 1.204664 0  0.628495 -6.299662 0.000000 1.000000 1.000000  0.123355 0.463871 0.783799
1.000000 1.000000 0.500000 0.500000 -2.664083 0  0.389705 -0.453558 -0.000000 1.000000 1.000000  0.125000 0.462526 0.944337
1.000000 1.000000 0.520000 0.520000 -0.263849 0  0.541473 -4.014622 -0.001149 0.911333 0.911333  0.126558 0.461220 0.844464
1.000000 1.000000 0.540000 0.540000 -0.079754 0  0.554729 -4.257268 -0.002583 0.876667 0.876667  0.127906 0.460114 0.836734
1.000000 1.000000 0.560000 0.560000 0.083545 0  0.566626 -4.474090 0.001995 0.851333 0.851333  0.129056 0.459176 0.829739
1.000000 1.000000 0.580000 0.580000 0.244738 0  0.578335 -4.692732 0.004282 0.830667 0.830667  0.130022 0.458384 0.822726
1.000000 1.000000 0.600000 0.600000 0.375797 0  0.588008 -4.870791 0.001827 0.813667 0.813667  0.130814 0.457715 0.816947
1.000000 1.000000 0.620000 0.620000 0.490744 0  0.596527 -5.028968 0.000829 0.798667 0.798667  0.131445 0.457151 0.811831
1.000000 1.000000 0.640000 0.640000 0.598842 0  0.604487 -5.180854 0.001200 0.785333 0.785333  0.131926 0.456676 0.806999
1.000000 1.000000 0.660000 0.660000 0.690986 0  0.611280 -5.312510 0.000666 1.226333 1.226333  0.132268 0.456278 0.802868
1.000000 1.000000 0.680000 0.680000 0.775089 0  0.617424 -5.435550 0.000553 0.763000 0.763000  0.132481 0.455946 0.799105
1.000000 1.000000 0.700000 0.700000 0.854299 0  0.623127 -5.554456 0.001023 0.753333 0.753333  0.132576 0.455669 0.795580
1.000000 1.000000 0.720000 0.720000 0.909518 0  0.627125 -5.640365 0.000195 1.255667 1.255667  0.132561 0.455439 0.793145
1.000000 1.000000 0.740000 0.740000 0.984901 0  0.632350 -5.759313 0.001699 0.736000 0.736000  0.132446 0.455249 0.789851
1.000000 1.000000 0.760000 0.760000 1.039829 0  0.636113 -5.850184 0.001290 1.271333 1.271333  0.132238 0.455093 0.787498
1.000000 1.000000 0.780000 0.780000 1.089493 0  0.639429 -5.935599 0.001568 1.278333 1.278667  0.131947 0.454966 0.785415
1.000000 1.000000 0.800000 0.800000 1.133475 0  0.642276 -6.014773 0.001107 0.715000 0.715000  0.131579 0.454863 0.783620
1.000000 1.000000 0.820000 0.820000 1.172226 0  0.644692 -6.088242 0.000738 0.708667 0.708667  0.131141 0.454781 0.782091
1.000000 1.000000 0.840000 0.840000 1.207153 0  0.646778 -6.157982 0.000647 0.703000 0.703000  0.130640 0.454716 0.780766
1.000000 1.000000 0.860000 0.860000 1.239981 0  0.648652 -6.226459 0.001340 0.697333 0.697667  0.130082 0.454665 0.779567
1.000000 1.000000 0.880000 0.880000 1.258908 0  0.649558 -6.275858 0.000223 0.692333 0.692333  0.129473 0.454626 0.779002
1.000000 1.000000 0.900000 0.900000 1.291855 0  0.651311 -6.347955 0.001268 0.687333 0.687667  0.128817 0.454597 0.777862
1.000000 1.000000 0.920000 0.920000 1.312917 0  0.652241 -6.403798 0.001227 0.683000 0.683000  0.128119 0.454576 0.777263
1.000000 1.000000 0.940000 0.940000 1.331066 0  0.652936 -6.456751 0.001253 0.678333 0.678667  0.127385 0.454562 0.776814
1.000000 1.000000 0.960000 0.960000 1.344443 0  0.653286 -6.503948 0.000532 0.674333 0.674333  0.126618 0.454553 0.776590
1.000000 1.000000 0.980000 0.980000 1.359162 0  0.653683 -6.554477 0.001147 1.329667 1.329667  0.125822 0.454548 0.776329
1.000000 1.000000 1.000000 1.000000 1.372474 0  0.653959 -6.604146 0.000000 0.666667 0.666667  0.125000 0.454547 0.776147
