# parS J Jp Alpha Jd step  S2 Mu minGap kx/pi ky/pi  JR E(R) K(R)
2.000000 1.000000 0.000000 0.000000 18.293236 0  0.817263 -117.618605 0.000000 1.000000 1.000000  0.031250 0.479046 0.642779
2.000000 1.000000 0.020000 0.020000 17.955651 0  0.815275 -115.606169 0.000000 1.000000 1.000000  0.031566 0.478744 0.644406
2.000000 1.000000 0.040000 0.040000 17.610923 0  0.813148 -113.554925 0.000000 1.000000 1.000000  0.031888 0.478426 0.646142
2.000000 1.000000 0.060000 0.060000 17.258494 0  0.810869 -111.461828 0.000000 1.000000 1.000000  0.032216 0.478090 0.647997
2.000000 1.000000 0.080000 0.080000 16.897734 0  0.808424 -109.323440 0.000000 1.000000 1.000000  0.032552 0.477736 0.649981
2.000000 1.000000 0.100000 0.100000 16.527929 0  0.805796 -107.135857 0.000000 1.000000 1.000000  0.032895 0.477363 0.652106
2.000000 1.000000 0.120000 0.120000 16.148265 0  0.802969 -104.894622 0.000000 1.000000 1.000000  0.033245 0.476969 0.654385
2.000000 1.000000 0.140000 0.140000 15.757805 0  0.799919 -102.594616 0.000000 1.000000 1.000000  0.033602 0.476553 0.656835
2.000000 1.000000 0.160000 0.160000 15.355468 0  0.796623 -100.229920 0.000000 1.000000 1.000000  0.033967 0.476113 0.659472
2.000000 1.000000 0.180000 0.180000 14.939992 0  0.793052 -97.793634 nan 1.000000 1.000000  0.034341 0.475648 0.662317
2.000000 1.000000 0.200000 0.200000 14.509897 0  0.789172 -95.277653 0.000000 1.000000 1.000000  0.034722 0.475157 0.665395
2.000000 1.000000 0.220000 0.220000 14.063428 0  0.784945 -92.672360 0.000000 1.000000 1.000000  0.035112 0.474637 0.668733
2.000000 1.000000 0.240000 0.240000 13.598479 0  0.780321 -89.966226 0.000000 1.000000 1.000000  0.035511 0.474086 0.672366
2.000000 1.000000 0.260000 0.260000 13.112496 0  0.775243 -87.145254 nan 1.000000 1.000000  0.035920 0.473503 0.676335
2.000000 1.000000 0.280000 0.280000 12.602338 0  0.769641 -84.192214 0.000000 1.000000 1.000000  0.036337 0.472884 0.680689
2.000000 1.000000 0.300000 0.300000 12.064070 0  0.763426 -81.085542 0.000000 1.000000 1.000000  0.036765 0.472227 0.685489
2.000000 1.000000 0.320000 0.320000 11.492676 0  0.756486 -77.797713 0.000000 1.000000 1.000000  0.037202 0.471528 0.690815
2.000000 1.000000 0.340000 0.340000 10.881602 0  0.748673 -74.292761 0.000000 1.000000 1.000000  0.037651 0.470784 0.696767
2.000000 1.000000 0.360000 0.360000 10.222033 0  0.739792 -70.522306 0.000000 1.000000 1.000000  0.038110 0.469992 0.703480
2.000000 1.000000 0.380000 0.380000 9.501679 0  0.729570 -66.418857 0.000000 1.000000 1.000000  0.038580 0.469146 0.711141
2.000000 1.000000 0.400000 0.400000 8.702566 0  0.717612 -61.883691 0.000000 1.000000 1.000000  0.039062 0.468240 0.720019
2.000000 1.000000 0.420000 0.420000 7.796660 0  0.703303 -56.762790 0.000000 1.000000 1.000000  0.039557 0.467269 0.730529
2.000000 1.000000 0.440000 0.440000 6.735984 0  0.685599 -50.792470 0.000000 1.000000 1.000000  0.040064 0.466224 0.743376
2.000000 1.000000 0.460000 0.460000 5.425325 0  0.662448 -43.449338 0.000000 1.000000 1.000000  0.040584 0.465096 0.759939
2.000000 1.000000 0.480000 0.480000 3.613991 0  0.628495 -33.354948 0.000000 1.000000 1.000000  0.041118 0.463871 0.783799
2.000000 1.000000 0.500000 0.500000 -7.992249 0  0.389705 30.608320 -0.000000 1.000000 1.000000  0.041667 0.462526 0.944337
2.000000 1.000000 0.520000 0.520000 -0.791548 0  0.541473 -8.877676 -0.001149 0.911333 0.911333  0.042186 0.461220 0.844464
2.000000 1.000000 0.540000 0.540000 -0.239263 0  0.554729 -11.814755 -0.002583 0.876667 0.876667  0.042635 0.460114 0.836734
2.000000 1.000000 0.560000 0.560000 0.250635 0  0.566626 -14.424809 0.001995 0.851333 0.851333  0.043019 0.459176 0.829739
2.000000 1.000000 0.580000 0.580000 0.734215 0  0.578335 -17.015057 0.004282 0.830667 0.830667  0.043341 0.458384 0.822726
2.000000 1.000000 0.600000 0.600000 1.127391 0  0.588008 -19.121936 0.001827 0.813667 0.813667  0.043605 0.457715 0.816947
2.000000 1.000000 0.620000 0.620000 1.472231 0  0.596527 -20.975826 0.000829 0.798667 0.798667  0.043815 0.457151 0.811831
2.000000 1.000000 0.640000 0.640000 1.796525 0  0.604487 -22.728661 0.001200 0.785333 0.785333  0.043975 0.456676 0.806999
2.000000 1.000000 0.660000 0.660000 2.072957 0  0.611280 -24.229359 0.000666 1.226333 1.226333  0.044089 0.456278 0.802868
2.000000 1.000000 0.680000 0.680000 2.325268 0  0.617424 -25.607724 0.000553 0.763000 0.763000  0.044160 0.455946 0.799105
2.000000 1.000000 0.700000 0.700000 2.562897 0  0.623127 -26.914957 0.001023 0.753333 0.753333  0.044192 0.455669 0.795580
2.000000 1.000000 0.720000 0.720000 2.728553 0  0.627125 -27.835308 0.000195 1.255667 1.255667  0.044187 0.455439 0.793145
2.000000 1.000000 0.740000 0.740000 2.954704 0  0.632350 -29.096753 0.001699 0.736000 0.736000  0.044149 0.455249 0.789851
2.000000 1.000000 0.760000 0.760000 3.119486 0  0.636113 -30.028498 0.001290 1.271333 1.271333  0.044079 0.455093 0.787498
2.000000 1.000000 0.780000 0.780000 3.268479 0  0.639429 -30.880713 0.001568 1.278333 1.278667  0.043982 0.454966 0.785415
2.000000 1.000000 0.800000 0.800000 3.400424 0  0.642276 -31.646014 0.001107 0.715000 0.715000  0.043860 0.454863 0.783620
2.000000 1.000000 0.820000 0.820000 3.516679 0  0.644692 -32.331442 0.000738 0.708667 0.708667  0.043714 0.454781 0.782091
2.000000 1.000000 0.840000 0.840000 3.621459 0  0.646778 -32.959782 0.000647 0.703000 0.703000  0.043547 0.454716 0.780766
2.000000 1.000000 0.860000 0.860000 3.719942 0  0.648652 -33.559142 0.001340 0.697333 0.697667  0.043361 0.454665 0.779567
2.000000 1.000000 0.880000 0.880000 3.776724 0  0.649558 -33.934469 0.000223 0.692333 0.692333  0.043158 0.454626 0.779002
2.000000 1.000000 0.900000 0.900000 3.875564 0  0.651311 -34.546120 0.001268 0.687333 0.687667  0.042939 0.454597 0.777862
2.000000 1.000000 0.920000 0.920000 3.938752 0  0.652241 -34.966400 0.001227 0.683000 0.683000  0.042706 0.454576 0.777263
2.000000 1.000000 0.940000 0.940000 3.993197 0  0.652936 -35.343041 0.001253 0.678333 0.678667  0.042462 0.454562 0.776814
2.000000 1.000000 0.960000 0.960000 4.033330 0  0.653286 -35.645164 0.000532 0.674333 0.674333  0.042206 0.454553 0.776590
2.000000 1.000000 0.980000 0.980000 4.077486 0  0.653683 -35.973375 0.001147 1.329667 1.329667  0.041941 0.454548 0.776329
2.000000 1.000000 1.000000 1.000000 4.117422 0  0.653959 -36.282127 0.000000 0.666667 0.666667  0.041667 0.454547 0.776147
