# J Jd step  S2 Mu Gap(pi,pi)  R E(R) K(R)
0.000000 1.000000 175  1.000000 -0.750000 1.000000  1.000000 0.500000 0.500000
0.020000 1.000000 175  0.999700 -0.750601 0.959780  0.999099 0.499900 0.500300
0.040000 1.000000 174  0.998792 -0.752413 0.919043  0.996388 0.499601 0.501204
0.060000 1.000000 172  0.997262 -0.755466 0.877674  0.991840 0.499106 0.502720
0.080000 1.000000 170  0.995079 -0.759810 0.835564  0.985412 0.498418 0.504863
0.100000 1.000000 167  0.992204 -0.765516 0.792611  0.977044 0.497546 0.507652
0.120000 1.000000 163  0.988586 -0.772677 0.748723  0.966665 0.496498 0.511112
0.140000 1.000000 158  0.984164 -0.781412 0.703823  0.954191 0.495288 0.515270
0.160000 1.000000 152  0.978869 -0.791862 0.657856  0.939538 0.493933 0.520154
0.180000 1.000000 145  0.972626 -0.804190 0.610801  0.922628 0.492459 0.525791
0.200000 1.000000 137  0.965362 -0.818582 0.562683  0.903405 0.490893 0.532198
0.220000 1.000000 127  0.957016 -0.835232 0.513590  0.881853 0.489274 0.539382
0.240000 1.000000 116  0.947546 -0.854336 0.463687  0.858023 0.487644 0.547326
0.260000 1.000000 103  0.936951 -0.876067 0.413224  0.832056 0.486051 0.555981
0.280000 1.000000 90  0.925282 -0.900554 0.362543  0.804205 0.484547 0.565265
0.300000 1.000000 76  0.912652 -0.927856 0.312054  0.774842 0.483179 0.575053
0.320000 1.000000 63  0.899238 -0.957942 0.262205  0.744439 0.481987 0.585187
0.340000 1.000000 49  0.885270 -0.990683 0.213432  0.713534 0.480998 0.595489
0.360000 1.000000 37  0.871002 -1.025869 0.166108  0.682674 0.480223 0.605775
0.380000 1.000000 25  0.856688 -1.063225 0.120513  0.652354 0.479659 0.615882
0.400000 1.000000 25  0.842555 -1.102450 0.076810  0.622984 0.479291 0.625672
# warning: newR = nan
0.420000 1.000000 12  nan nan nan  nan nan nan
# warning: newR = nan
0.440000 1.000000 11  nan nan nan  nan nan nan
